1643399076.072685 -0.571501 0.140664 0.157087 0.653332 -0.315542 -0.607973 0.322428 1
1643399077.088888 -0.510339 0.041481 0.238517 0.618347 -0.357805 -0.554788 0.426419 2
1643399078.105090 -0.262669 -0.281819 0.277808 0.565903 -0.407619 -0.562767 0.443727 3
1643399079.121293 -0.180879 -0.297749 0.431298 0.425205 -0.551941 -0.457989 0.552094 4
1643399080.137496 -0.056716 0.218052 0.502237 0.331550 -0.594229 -0.445840 0.581544 5
1643399081.153698 -0.140114 0.547059 0.468691 -0.280138 0.663524 0.560809 -0.408353 6
1643399082.169901 -0.170598 0.530803 0.294295 -0.407415 0.612852 0.640441 -0.219685 7
1643399083.186103 -0.230031 0.462682 0.151324 -0.505343 0.524207 0.682075 -0.067894 8
1643399084.202305 -0.115599 0.549045 0.027744 -0.574631 0.395653 0.713506 0.064548 9
1643399085.235167 0.083805 0.678515 0.018661 0.751126 -0.132955 -0.594748 0.253786 10
1643399086.251369 0.133056 0.676542 0.166639 0.696414 -0.230653 -0.529282 0.426224 11
1643399087.267571 0.219381 0.594697 0.279362 0.617075 -0.370562 -0.497069 0.484587 12
1643399088.283773 0.301020 0.330775 0.342564 0.550966 -0.458306 -0.477903 0.507937 13
1643399089.299976 0.713558 0.173527 0.295536 0.615351 -0.368523 -0.518901 0.465055 14
1643399090.316178 0.994754 -0.142531 0.216572 0.706951 -0.216432 -0.493260 0.458336 15
1643399091.332380 1.368817 -0.293827 0.310275 0.662857 -0.282253 -0.408212 0.560639 16
1643399092.348581 1.637449 -0.550385 0.449226 0.577886 -0.412507 -0.293597 0.640067 17
1643399093.364784 2.046534 -0.735901 0.300336 0.652217 -0.271006 -0.476382 0.523669 18
1643399094.380985 2.463511 -1.107763 0.197691 0.731155 -0.094211 -0.449771 0.504224 19
1643399095.397187 2.647606 -1.139292 0.239549 0.669011 -0.271752 -0.517942 0.458597 20
1643399096.413389 2.785052 -1.193503 0.239359 0.614925 -0.344337 -0.561649 0.433416 21
1643399097.429591 3.212964 -1.432647 0.297351 0.666267 -0.286016 -0.398182 0.561903 22
1643399098.445792 3.702360 -1.689594 0.179978 0.708590 -0.016255 -0.431296 0.558229 23
1643399099.461994 4.171397 -1.546256 0.113487 0.647677 0.304103 -0.278771 0.640564 24
1643399100.478196 4.540542 -1.416717 0.208190 0.680482 0.245457 -0.098111 0.683425 25
1643399101.494397 4.924286 -1.222825 0.271707 0.701145 0.142231 -0.052740 0.696695 26
1643399102.510598 5.331105 -1.222297 0.280394 0.710140 0.030015 -0.181328 0.679648 27
1643399103.526800 5.537096 -1.058514 0.281076 0.684249 -0.202057 -0.405335 0.571559 28
1643399104.543002 5.838740 -1.079043 0.272138 0.604039 -0.376890 -0.549641 0.437018 29
1643399105.559203 6.174381 -0.889314 0.308281 -0.499632 0.486732 0.615825 -0.366360 30
1643399106.575404 6.374063 -0.990438 0.305258 -0.462923 0.545208 0.632287 -0.297764 31
1643399107.591606 6.170635 -1.144546 0.282029 -0.458861 0.557792 0.615316 -0.315756 32
1643399108.607807 5.734402 -1.608200 0.263607 -0.478321 0.520556 0.636378 -0.308631 33
1643399109.624008 5.354015 -1.919399 0.254425 -0.532407 0.482658 0.609503 -0.334798 34
1643399110.640210 5.002080 -2.218562 0.243150 -0.567862 0.431815 0.576595 -0.398256 35
1643399111.656410 4.633257 -2.433986 0.251750 0.649030 -0.334728 -0.488857 0.477217 36
1643399112.672612 4.676867 -2.338542 0.142876 0.712962 -0.173867 -0.541249 0.410494 37
1643399113.688813 4.813725 -1.942090 0.301967 0.695207 -0.228621 -0.334783 0.593583 38
1643399114.705014 4.977612 -2.231843 0.314300 0.601798 -0.380530 -0.490510 0.502430 39
1643399115.721215 5.130127 -2.432119 0.309776 -0.533131 0.475613 0.584593 -0.384466 40
1643399116.737416 5.065238 -2.381807 0.301237 -0.546178 0.467514 0.581575 -0.380645 41
1643399117.753617 5.085062 -1.980990 0.135630 0.698806 -0.096754 -0.568423 0.423325 42
1643399118.769818 5.558271 -1.505009 0.180861 0.728989 0.051883 -0.362383 0.578413 43
1643399119.786019 6.045111 -1.172067 0.268714 0.713028 -0.031589 -0.300436 0.632718 44
1643399120.802220 6.484179 -0.878944 0.346158 0.685239 -0.154647 -0.231019 0.673174 45
1643399121.818420 6.791133 -0.530038 0.453754 0.567310 -0.378970 -0.224452 0.695818 46
1643399122.834620 6.671509 -0.538485 0.438051 0.452063 -0.557332 -0.433089 0.545394 47
1643399123.850822 6.601264 -0.545244 0.428591 -0.317321 0.645660 0.593499 -0.360818 48
1643399124.867023 6.695090 -0.661805 0.290275 -0.570800 0.430744 0.621962 -0.319077 49
1643399125.883223 6.856394 -0.676770 0.171559 0.681473 -0.176154 -0.608132 0.367070 50
1643399126.899424 7.130780 -0.557005 0.132674 0.697237 0.134656 -0.423269 0.562647 51
1643399127.915624 7.417462 -0.532995 0.187450 0.692700 0.221993 -0.181381 0.661806 52
1643399128.931824 7.730400 -0.487065 0.185029 0.687495 0.155938 -0.251579 0.663130 53
1643399129.948025 7.752469 -0.621869 0.314764 0.692927 -0.101786 -0.210342 0.682090 54
1643399130.964225 7.733113 -0.529439 0.437621 0.687160 -0.052280 0.121649 0.714339 55
1643399131.980426 7.675976 -0.587461 0.472540 0.680295 -0.250625 0.076385 0.684508 56
1643399132.996626 7.781007 -0.456773 0.411602 0.661656 0.100991 0.170517 0.723143 57
1643399134.012826 8.140185 -0.204123 0.266600 0.557913 0.384920 0.185244 0.711515 58
1643399135.029027 8.448386 -0.005403 0.114612 0.260423 0.702808 0.213590 0.626594 59
1643399136.045227 8.736969 0.429397 0.209416 0.403556 0.602861 0.259585 0.637430 60
1643399137.061427 8.949896 0.841705 0.194493 0.516071 0.483513 0.140898 0.692844 61
1643399138.077628 8.880294 1.161327 0.370813 0.661128 0.210868 0.212566 0.687939 62
1643399139.093828 8.936749 1.440283 0.464805 0.669296 0.091038 0.228106 0.701229 63
1643399140.110028 8.850664 1.556338 0.541449 0.652369 0.018356 0.280407 0.703882 64
1643399141.126228 9.055922 1.706367 0.444412 0.644680 0.177255 0.245558 0.701905 65
1643399142.142426 9.126126 2.068810 0.531528 0.658305 -0.091751 0.153157 0.731272 66
1643399143.158629 9.235156 2.216633 0.500675 0.658860 -0.117663 0.146011 0.728519 67
1643399144.174829 9.281768 2.530087 0.507415 0.653078 -0.240024 -0.000462 0.718246 68
1643399145.191030 9.258839 2.572723 0.497651 0.645725 -0.260371 -0.048480 0.716168 69
1643399146.207230 9.287027 2.525921 0.487151 0.662339 -0.227089 -0.073435 0.710173 70
1643399147.223430 9.279297 2.491839 0.462879 0.675007 -0.182172 -0.098992 0.708081 71
1643399148.239630 9.211644 2.242585 0.260022 0.703390 -0.198795 -0.477102 0.487952 72
1643399149.255831 8.978705 1.899844 0.161526 0.677630 -0.313570 -0.577429 0.330253 73
1643399150.272030 9.091762 1.903078 0.216500 -0.592190 0.419549 0.598083 -0.339978 74
1643399151.288231 8.851322 1.803758 0.185566 -0.585735 0.452314 0.597597 -0.308552 75
1643399152.304431 8.437526 1.535478 0.155790 -0.488141 0.520187 0.648672 -0.265232 76
1643399153.320631 8.151872 1.317464 0.150738 -0.327312 0.645958 0.687408 0.055453 77
1643399154.336832 8.259151 1.226295 0.152563 -0.084510 0.720365 0.621613 0.295853 78
1643399155.353031 8.393545 1.116465 0.243428 -0.022287 0.711044 0.663429 0.231910 79
1643399156.369231 8.265327 0.546059 0.174615 -0.325634 0.632639 0.695022 0.103317 80
1643399157.385432 8.349546 0.149512 0.168049 0.692071 -0.274614 -0.524847 0.412504 81
1643399158.401631 8.513043 -0.131734 0.054420 0.721592 -0.103154 -0.479340 0.488772 82
1643399159.417831 8.420792 -0.445826 -0.028447 0.735632 0.084894 -0.342490 0.578221 83
1643399160.434031 8.225111 -0.757371 -0.006581 0.673463 0.272607 -0.169563 0.665869 84
1643399161.450231 7.798898 -0.681837 0.074629 0.629302 0.311861 -0.083442 0.706937 85
1643399162.466431 7.348963 -0.703930 0.003652 0.231716 0.693328 0.218088 0.646562 86
1643399163.482631 6.747567 -0.755080 -0.032104 -0.210772 0.719655 0.488685 0.445937 87
1643399164.498831 6.272476 -0.548775 0.059005 -0.077249 0.742729 0.534683 0.395601 88
1643399165.515030 5.714968 -0.152281 0.108776 -0.039862 0.737276 0.576108 0.350620 89
1643399166.531230 5.050063 0.273678 0.116896 0.056205 0.737705 0.538397 0.403436 90
1643399167.547430 4.504792 0.691481 0.099788 0.210234 0.699293 0.423845 0.535861 91
1643399168.563629 4.321537 1.216383 0.030764 0.482287 0.575282 0.070830 0.656836 92
1643399169.579829 4.093122 1.716646 0.016495 0.623140 0.448618 -0.143656 0.624341 93
1643399170.596028 3.881985 1.934770 0.105315 0.720448 0.061939 -0.326368 0.608771 94
1643399171.612228 4.275004 2.119406 0.085870 0.732224 0.072876 -0.312940 0.600505 95
1643399172.628427 4.663035 2.586190 0.138609 0.626873 0.333588 -0.072049 0.700399 96
1643399173.644627 4.733043 2.594752 0.109642 0.397362 0.609475 0.236595 0.643946 97
1643399174.660827 3.981959 2.154051 0.150056 0.102540 0.676145 0.530606 0.500770 98
1643399175.677026 3.492844 1.803962 0.148674 0.377397 0.608757 0.287773 0.635746 99
1643399176.693226 2.813241 1.814175 0.084080 0.269932 0.666430 0.295040 0.629252 100
1643399177.709425 2.222895 2.222299 0.021110 0.127205 0.709647 0.329538 0.609611 101
1643399178.725625 1.782169 2.642215 -0.000380 -0.148276 0.743226 0.479390 0.442509 102
1643399179.741824 1.670580 2.899689 0.057801 -0.467375 0.601980 0.643083 0.075006 103
1643399180.758024 1.316562 3.095220 0.118499 -0.423664 0.586748 0.690033 0.009487 104
1643399181.774223 0.917731 3.379860 0.132449 -0.369682 0.660552 0.650403 0.063095 105
1643399182.790422 0.462368 3.592626 0.109884 -0.224258 0.712299 0.625824 0.225127 106
1643399183.806622 0.266333 3.832975 -0.000943 -0.165430 0.732083 0.508306 0.422272 107
1643399184.822821 0.182856 3.913646 0.015156 0.129837 0.716047 0.361762 0.582708 108
1643399185.839020 0.332797 3.886643 0.135250 0.350926 0.629038 0.317365 0.616800 109
1643399186.855220 0.433324 4.029899 0.138940 0.470720 0.564319 0.152684 0.660798 110
1643399187.871419 0.339527 4.080787 0.137343 0.652705 0.337889 -0.150063 0.661277 111
1643399188.887619 0.434805 4.185270 0.178903 0.739800 0.168601 -0.272573 0.591585 112
1643399189.903818 0.579188 4.405221 0.200517 0.707604 0.170448 -0.326806 0.602862 113
1643399190.920017 0.977757 4.275412 0.239245 0.695517 0.258846 -0.331439 0.582583 114
1643399191.936217 1.080281 4.266958 0.416940 0.675721 0.218118 -0.324003 0.625178 115
1643399192.952416 0.955871 4.378403 0.464787 0.669637 0.226546 -0.129316 0.695371 116
1643399193.968615 0.772917 4.691022 0.246483 0.660006 0.364189 -0.119279 0.646166 117
1643399194.984815 0.456327 5.062969 0.081463 0.693552 0.264696 -0.306904 0.595594 118
1643399196.001014 0.685921 5.511355 0.010208 0.750766 0.045351 -0.483720 0.447558 119
1643399197.017213 0.995797 5.636206 0.022686 0.717217 -0.158893 -0.601663 0.313616 120
1643399198.033412 1.147729 5.817030 0.037106 -0.628314 0.385017 0.659706 -0.147551 121
1643399199.049612 0.937761 6.019755 0.039153 -0.471377 0.586626 0.653632 0.080243 122
1643399200.065810 1.083906 5.983541 0.027619 -0.195346 0.687313 0.636101 0.291232 123
1643399201.082010 1.518683 5.781522 0.047041 0.025328 0.724707 0.498981 0.474527 124
1643399202.098208 1.737441 5.494060 0.005946 0.263378 0.694581 0.252287 0.620114 125
1643399203.114408 1.779499 5.447370 0.053136 0.239989 0.725783 0.312118 0.564116 126
1643399204.130607 1.689709 5.618151 0.147634 0.383449 0.628641 0.311144 0.600805 127
1643399205.146806 1.507566 6.016190 0.162647 0.295155 0.695129 0.380975 0.533421 128
1643399206.163005 1.209200 6.209754 0.204223 0.275976 0.684424 0.472844 0.481477 129
1643399207.179204 1.167505 6.342448 0.213865 0.263811 0.675573 0.488129 0.485526 130
1643399208.195403 1.299980 6.455273 0.171144 0.253718 0.688902 0.484649 0.475559 131
1643399209.211602 1.306485 6.474757 0.282487 0.404839 0.618055 0.467392 0.485446 132
1643399210.227801 1.214713 6.702297 0.321677 0.500130 0.535273 0.411335 0.542363 133
1643399211.244000 1.416503 7.034772 0.279673 0.592204 0.423325 0.240324 0.642133 134
1643399212.260199 1.613932 7.342015 0.221372 0.681364 0.268828 0.078906 0.676201 135
1643399213.276397 2.088708 7.471204 0.095368 0.690199 0.205303 -0.230061 0.654636 136
1643399214.292596 2.583360 7.318864 0.079998 0.718009 0.104340 -0.362657 0.584856 137
1643399215.308795 3.127086 7.481916 0.179027 0.696016 0.190438 -0.120427 0.681757 138
1643399216.324994 3.442553 7.365373 0.236652 0.649296 0.331125 0.121892 0.673731 139
1643399217.341193 3.795808 7.352479 0.246878 0.626231 0.362304 0.165185 0.670287 140
1643399218.357392 4.226891 7.004778 0.206058 0.624342 0.408930 0.125288 0.653664 141
1643399219.373591 4.753104 6.804043 0.127793 0.685506 0.300034 -0.136185 0.649242 142
1643399220.389790 5.175095 6.480559 0.050693 0.732633 0.203898 -0.366289 0.536198 143
1643399221.405988 5.757401 6.403626 0.099645 0.732894 -0.077298 -0.445352 0.508480 144
1643399222.422187 6.395882 6.383873 0.196872 0.705166 -0.203620 -0.481695 0.478800 145
1643399223.438386 6.802690 6.107608 0.131137 0.714107 -0.234263 -0.566675 0.337715 146
1643399224.454585 7.268423 5.824985 0.014417 0.712517 -0.147603 -0.632071 0.266496 147
1643399225.470784 7.921391 5.478800 0.022912 0.685941 0.105735 -0.458598 0.554971 148
1643399226.486983 8.394394 5.197479 0.102207 0.713167 0.206939 -0.236898 0.626457 149
1643399227.503181 8.939308 5.203576 0.222679 0.703246 0.139896 -0.105061 0.689084 150
1643399228.519380 9.312319 4.977295 0.267355 0.698465 0.158956 -0.016881 0.697564 151
1643399229.535579 9.646992 4.648623 0.255798 0.723713 0.096361 -0.078234 0.678848 152
1643399230.551778 9.719774 4.172111 0.271093 0.728712 -0.143919 -0.268630 0.613274 153
1643399231.567976 9.828360 3.811258 0.233608 0.654744 -0.356814 -0.485708 0.456160 154
1643399232.584175 9.791429 3.408119 0.303166 0.599736 -0.470007 -0.447308 0.468323 155
1643399233.600374 9.772415 3.107782 0.473534 0.549848 -0.495929 -0.297367 0.602739 156
1643399234.616572 9.757999 2.804485 0.493387 0.562952 -0.472100 -0.234146 0.636697 157
1643399235.632771 9.460128 2.357907 0.388672 -0.539497 0.542537 0.465600 -0.444762 158
1643399236.648970 9.339814 1.881044 0.219494 0.604555 -0.521109 -0.560146 0.221799 159
1643399237.665168 9.210895 1.291845 0.130082 -0.511121 0.543190 0.654987 -0.121211 160
1643399238.681366 8.896273 0.824704 0.165757 -0.374250 0.609250 0.697676 -0.044719 161
1643399239.697565 8.638672 0.416734 0.127222 0.652798 -0.362921 -0.564311 0.351704 162
1643399240.713763 8.602379 -0.009271 0.052819 0.711920 -0.178952 -0.536014 0.416935 163
1643399241.729962 8.509048 -0.283263 0.021576 0.745838 -0.054009 -0.446785 0.491113 164
1643399242.746160 8.486064 -0.469058 -0.028879 0.725138 0.148340 -0.327863 0.587091 165
1643399243.762359 8.096609 -0.597817 0.020110 0.697929 0.225427 -0.208351 0.647046 166
1643399244.778557 7.753386 -0.674160 0.044272 0.599877 0.406526 -0.052164 0.687141 167
1643399245.794756 6.985503 -0.525194 0.053882 0.087440 0.720519 0.445381 0.524254 168
1643399246.810953 6.569561 -0.236087 0.144978 0.082900 0.717659 0.566123 0.396985 169
1643399247.827152 5.758904 -0.335867 0.078208 -0.168009 0.715094 0.609591 0.298013 170
1643399248.843350 5.102540 -0.755064 0.044838 -0.414317 0.587817 0.681405 0.136011 171
1643399249.859548 4.361985 -1.090376 0.107885 -0.359951 0.664131 0.651177 0.073037 172
1643399250.875746 3.511512 -1.143530 0.103781 -0.170201 0.744069 0.618535 0.186565 173
1643399251.891944 2.744779 -0.816008 0.051033 -0.041242 0.735986 0.493039 0.462099 174
1643399252.908142 2.148727 -0.342738 0.095257 0.170574 0.701403 0.425188 0.546034 175
1643399253.924340 1.771283 0.068091 0.068080 0.305532 0.667527 0.205549 0.647154 176
1643399254.940538 1.210056 0.319657 0.129837 0.176698 0.721518 0.446451 0.498871 177
1643399255.956736 0.706928 0.409556 0.156081 -0.164473 0.707354 0.640819 0.248897 178
1643399256.972934 0.394649 -0.137118 0.255700 -0.423716 0.580937 0.667198 -0.194482 179
1643399257.989132 0.126331 -0.330427 0.261985 -0.524204 0.483746 0.630980 -0.305064 180
1643399259.005330 0.128546 -0.489344 0.294316 -0.497406 0.515851 0.611715 -0.335098 181
